// rom unsigned 2 BallSprites[4*16*16]
// 0 background; 1 black; 2 red; 3 white


//Ball1
0 0 0 0 0 1 1 1 1 1 1 0 0 0 0 0 
0 0 0 1 1 1 2 2 2 2 1 1 1 0 0 0 
0 0 1 2 2 2 2 2 2 2 1 1 1 1 0 0 
0 1 2 2 1 1 2 2 2 2 2 2 2 1 1 0 
0 1 1 1 3 3 1 2 1 1 2 2 2 1 1 0 
1 2 1 3 3 3 3 1 1 1 1 2 2 1 1 1 
1 1 1 1 1 1 1 1 1 1 1 1 2 2 2 1 
1 1 1 2 2 2 2 1 1 1 1 1 2 2 2 1 
1 2 1 2 2 2 2 2 1 1 1 2 2 2 2 1 
1 2 2 2 2 2 2 2 2 1 1 2 2 2 2 1 
1 2 2 2 2 2 2 2 2 2 2 2 2 2 2 1 
0 1 2 2 2 2 2 2 2 2 2 2 2 2 1 0 
0 1 1 1 2 2 2 2 2 1 1 2 2 2 1 0 
0 0 1 1 2 2 1 1 1 1 1 1 2 1 0 0 
0 0 0 1 1 2 2 1 1 1 2 1 1 0 0 0 
0 0 0 0 0 1 1 1 1 1 1 0 0 0 0 0 

//Ball2
0 0 0 0 0 1 1 1 1 1 1 0 0 0 0 0 
0 0 0 1 1 2 2 2 1 2 2 1 1 0 0 0 
0 0 1 2 2 2 1 1 1 2 2 2 2 1 0 0 
0 1 1 2 3 3 1 1 1 1 2 2 2 2 1 0 
0 1 1 1 3 3 3 1 1 1 1 2 1 1 1 0 
1 1 2 1 3 3 3 1 1 1 2 2 2 1 2 1 
1 1 2 2 1 1 1 1 1 2 2 2 2 2 2 1 
1 2 2 2 2 2 2 1 2 2 2 2 2 2 2 1 
1 2 2 2 2 2 2 2 2 2 2 2 2 2 2 1 
1 2 2 2 2 2 2 1 2 2 2 2 2 2 2 1 
1 2 2 2 2 2 1 1 1 2 2 2 2 2 1 1 
0 1 2 2 2 1 1 1 1 1 2 2 2 2 1 0 
0 1 1 2 1 1 1 1 1 1 1 2 2 1 1 0 
0 0 1 2 2 1 1 1 1 2 2 2 2 1 0 0 
0 0 0 1 1 2 1 2 2 2 2 1 1 0 0 0 
0 0 0 0 0 1 1 1 1 1 1 0 0 0 0 0 

//Ball3
0 0 0 0 0 1 1 1 1 1 1 0 0 0 0 0 
0 0 0 1 1 1 1 1 1 2 2 1 1 0 0 0 
0 0 1 2 1 1 1 1 1 2 2 2 2 1 0 0 
0 1 2 2 3 3 1 1 2 2 1 1 1 2 1 0 
0 1 2 1 3 3 1 2 2 2 2 1 1 1 1 0 
1 2 2 1 3 3 1 2 2 2 2 2 1 2 2 1 
1 2 2 2 1 1 2 2 2 2 2 2 2 2 2 1 
1 2 2 2 1 1 2 2 2 2 2 2 2 1 1 1 
1 2 2 2 1 1 1 2 2 2 2 2 1 1 1 1 
1 1 2 1 1 1 1 1 2 2 2 2 1 1 1 1 
1 1 2 1 1 1 1 1 1 2 2 1 1 1 2 1 
0 1 2 1 1 1 1 1 1 2 2 2 1 1 1 0 
0 1 2 2 1 1 1 2 2 2 2 2 2 2 1 0 
0 0 1 2 2 2 2 2 2 2 2 2 2 1 0 0 
0 0 0 1 1 1 1 2 2 2 2 1 1 0 0 0 
0 0 0 0 0 1 1 1 1 1 1 0 0 0 0 0 

//Ball4
0 0 0 0 0 1 1 1 1 1 1 0 0 0 0 0 
0 0 0 1 1 1 2 2 2 2 2 1 1 0 0 0 
0 0 1 1 2 2 2 2 2 2 1 1 2 1 0 0 
0 1 2 2 1 1 2 2 2 2 2 1 2 2 1 0 
0 1 2 1 3 3 1 2 2 2 2 2 2 2 1 0 
1 2 2 3 3 3 1 2 2 2 2 1 2 2 2 1 
1 2 2 1 1 1 2 2 2 2 1 1 1 2 2 1 
1 2 1 1 1 1 2 2 2 1 1 1 1 1 1 1 
1 2 1 1 1 1 1 2 1 1 1 1 1 1 2 1 
1 1 1 1 1 1 2 2 2 1 1 1 1 1 2 1 
1 2 1 1 1 2 2 2 2 2 2 1 1 2 2 1 
0 1 2 1 2 2 2 2 2 2 2 2 1 2 1 0 
0 1 2 2 2 2 2 2 2 2 2 2 2 2 1 0 
0 0 1 1 2 2 2 2 2 2 2 1 1 1 0 0 
0 0 0 1 1 1 2 2 2 1 1 1 1 0 0 0 
0 0 0 0 0 1 1 1 1 1 1 0 0 0 0 0 

 