0 0 0 0 0 0 0 0 0 0 0 0 0 0 0 0 
0 0 0 0 0 0 0 0 0 0 0 0 0 0 0 0 
0 0 0 0 0 0 0 0 0 0 0 0 0 0 0 0 
0 0 0 0 0 0 0 0 0 0 0 0 0 0 0 0 
0 0 0 0 0 0 0 0 0 0 0 0 0 0 0 0 
0 0 0 0 0 0 0 0 0 0 0 0 0 0 0 0 
0 0 0 0 0 0 0 0 0 0 0 0 0 0 0 0 
0 0 0 0 0 0 0 0 0 0 0 0 0 0 0 0 
0 0 0 0 0 0 0 0 0 0 0 0 0 0 0 0 
0 0 0 0 0 0 0 0 0 0 0 0 0 0 0 0 
0 0 0 0 0 0 0 0 0 0 0 0 0 0 0 0 
0 0 0 0 0 0 0 0 0 0 0 0 0 0 0 0 
0 0 0 0 0 0 0 0 0 0 0 0 0 0 0 0 
0 0 0 0 0 0 0 0 0 0 0 0 0 0 0 0 
0 0 0 0 0 0 0 0 0 0 0 0 0 0 0 0 
0 0 0 0 0 0 0 0 0 0 0 0 0 0 0 0 

0 0 0 0 0 0 0 0 0 0 0 0 0 0 0 0 
0 0 0 0 0 0 4 4 4 4 0 0 0 0 0 0 
0 0 0 0 4 4 4 4 4 4 4 4 0 0 0 0 
0 0 0 4 4 4 4 4 4 4 4 4 4 0 0 0 
0 0 4 1 1 4 4 4 4 1 1 4 4 4 0 0 
0 0 1 1 1 1 4 4 1 1 1 1 4 4 0 0 
0 0 F F 1 1 4 4 F F 1 1 4 4 0 0 
0 4 F F 1 1 4 4 F F 1 1 4 4 4 0 
0 4 4 1 1 4 4 4 4 1 1 4 4 4 4 0  
0 4 4 4 4 4 4 4 4 4 4 4 4 4 4 0 
0 4 4 4 4 4 4 4 4 4 4 4 4 4 4 0 
0 4 4 4 4 4 4 4 4 4 4 4 4 4 4 0 
0 4 4 4 4 4 4 4 4 4 4 4 4 4 4 0 
0 4 4 0 4 4 4 0 0 4 4 4 0 4 4 0 
0 4 0 0 0 4 4 0 0 4 4 0 0 0 4 0 
0 0 0 0 0 0 0 0 0 0 0 0 0 0 0 0 

0 0 0 0 0 0 0 0 0 0 0 0 0 0 0 0 
0 0 0 0 6 6 6 6 6 6 6 0 0 0 0 0 
0 0 6 6 6 6 6 6 6 6 6 6 0 0 0 0 
0 6 6 6 6 6 6 6 6 6 6 6 6 0 0 0 
0 6 6 6 6 6 6 6 6 6 6 6 6 0 0 0 
0 6 6 6 6 6 6 6 6 6 6 6 6 6 0 0 
0 0 0 0 0 6 6 6 6 6 6 6 6 6 0 0 
0 0 0 0 0 0 0 6 6 6 6 6 6 6 0 0  
0 0 0 0 0 0 0 0 0 6 6 6 6 6 0 0 
0 0 0 0 0 0 0 6 6 6 6 6 6 6 0 0 
0 0 0 0 0 6 6 6 6 6 6 6 6 6 0 0 
0 6 6 6 6 6 6 6 6 6 6 6 6 0 0 0 
0 6 6 6 6 6 6 6 6 6 6 6 0 0 0 0 
0 0 6 6 6 6 6 6 6 6 6 0 0 0 0 0 
0 0 0 0 6 6 6 6 6 0 0 0 0 0 0 0 
0 0 0 0 0 0 0 0 0 0 0 0 0 0 0 0 

0 0 0 0 0 0 0 0 0 0 0 0 0 0 0 0 
0 0 0 0 0 6 6 6 6 6 6 0 0 0 0 0 
0 0 0 6 6 6 6 6 6 6 6 6 6 0 0 0 
0 0 6 6 6 6 6 6 6 6 6 6 6 6 0 0 
0 0 6 6 6 6 6 6 6 6 6 6 6 6 0 0 
0 6 6 6 6 6 6 6 6 6 6 6 6 6 6 0 
0 6 6 6 6 6 6 6 6 6 6 6 6 6 6 0 
0 6 6 6 6 6 6 6 6 6 6 6 6 6 6 0 
0 6 6 6 6 6 6 6 6 6 6 6 6 6 6 0  
0 6 6 6 6 6 6 6 6 6 6 6 6 6 6 0 
0 6 6 6 6 6 6 6 6 6 6 6 6 6 6 0 
0 0 6 6 6 6 6 6 6 6 6 6 6 6 0 0 
0 0 6 6 6 6 6 6 6 6 6 6 6 6 0 0 
0 0 0 6 6 6 6 6 6 6 6 6 6 0 0 0 
0 0 0 0 0 6 6 6 6 6 6 0 0 0 0 0 
0 0 0 0 0 0 0 0 0 0 0 0 0 0 0 0 
